puz_i: 0
   0  1  2
0  1  1  1
1  1  0  1
success
stock: [0]
   0  1  2  3  4  5
0  1  1  1  0  0  0
1  1  0  1  0  0  0
2  0  0  0  0  0  0
3  0  0  0  0  0  0
4  0  0  0  0  0  0
5  0  0  0  0  0  0
6  0  0  0  0  0  0
7  0  0  0  0  0  0
8  0  0  0  0  0  0
9  0  0  0  0  0  0 

puz_i: 1
   0  1  2
0  2  2  0
1  0  2  2
2  0  0  2
success
stock: [0, 1]
   0  1  2  3  4  5
0  1  1  1  2  2  0
1  1  0  1  0  2  2
2  0  0  0  0  0  2
3  0  0  0  0  0  0
4  0  0  0  0  0  0
5  0  0  0  0  0  0
6  0  0  0  0  0  0
7  0  0  0  0  0  0
8  0  0  0  0  0  0
9  0  0  0  0  0  0 

puz_i: 2
   0  1  2
0  3  3  0
1  0  3  3
2  0  3  0
success
stock: [0, 1, 2]
   0  1  2  3  4  5
0  1  1  1  2  2  0
1  1  0  1  0  2  2
2  3  3  0  0  0  2
3  0  3  3  0  0  0
4  0  3  0  0  0  0
5  0  0  0  0  0  0
6  0  0  0  0  0  0
7  0  0  0  0  0  0
8  0  0  0  0  0  0
9  0  0  0  0  0  0 

puz_i: 3
   0  1  2
0  4  4  4
1  0  4  0
2  0  4  0
success
stock: [0, 1, 2, 3]
   0  1  2  3  4  5
0  1  1  1  2  2  0
1  1  0  1  0  2  2
2  3  3  4  4  4  2
3  0  3  3  4  0  0
4  0  3  0  4  0  0
5  0  0  0  0  0  0
6  0  0  0  0  0  0
7  0  0  0  0  0  0
8  0  0  0  0  0  0
9  0  0  0  0  0  0 

puz_i: 4
   0  1
0  0  5
1  5  5
2  5  0
3  5  0
success
stock: [0, 1, 2, 3, 4]
   0  1  2  3  4  5
0  1  1  1  2  2  0
1  1  0  1  0  2  2
2  3  3  4  4  4  2
3  0  3  3  4  0  5
4  0  3  0  4  5  5
5  0  0  0  0  5  0
6  0  0  0  0  5  0
7  0  0  0  0  0  0
8  0  0  0  0  0  0
9  0  0  0  0  0  0 

puz_i: 5
   0  1  2
0  0  6  0
1  6  6  6
2  0  6  0
success
stock: [0, 1, 2, 3, 4, 5]
   0  1  2  3  4  5
0  1  1  1  2  2  0
1  1  0  1  0  2  2
2  3  3  4  4  4  2
3  0  3  3  4  0  5
4  0  3  6  4  5  5
5  0  6  6  6  5  0
6  0  0  6  0  5  0
7  0  0  0  0  0  0
8  0  0  0  0  0  0
9  0  0  0  0  0  0 

puz_i: 6
   0  1  2  3
0  0  0  0  7
1  7  7  7  7
success
stock: [0, 1, 2, 3, 4, 5, 6]
   0  1  2  3  4  5
0  1  1  1  2  2  0
1  1  0  1  0  2  2
2  3  3  4  4  4  2
3  0  3  3  4  0  5
4  0  3  6  4  5  5
5  0  6  6  6  5  0
6  0  0  6  7  5  0
7  7  7  7  7  0  0
8  0  0  0  0  0  0
9  0  0  0  0  0  0 

puz_i: 7
   0
0  8
1  8
2  8
3  8
4  8
success
stock: [0, 1, 2, 3, 4, 5, 6, 7]
   0  1  2  3  4  5
0  1  1  1  2  2  0
1  1  0  1  0  2  2
2  3  3  4  4  4  2
3  0  3  3  4  0  5
4  0  3  6  4  5  5
5  0  6  6  6  5  8
6  0  0  6  7  5  8
7  7  7  7  7  0  8
8  0  0  0  0  0  8
9  0  0  0  0  0  8 

puz_i: 8
   0  1  2
0  0  9  9
1  0  9  0
2  9  9  0
fault
stock: [0, 1, 2, 3, 4, 5, 6]
   0  1  2  3  4  5
0  1  1  1  2  2  0
1  1  0  1  0  2  2
2  3  3  4  4  4  2
3  0  3  3  4  0  5
4  0  3  6  4  5  5
5  0  6  6  6  5  0
6  0  0  6  7  5  0
7  7  7  7  7  0  0
8  0  0  0  0  0  0
9  0  0  0  0  0  0 

puz_i: 8
   0  1  2
0  0  9  9
1  0  9  0
2  9  9  0
success
stock: [0, 1, 2, 3, 4, 5, 6, 8]
   0  1  2  3  4  5
0  1  1  1  2  2  0
1  1  0  1  0  2  2
2  3  3  4  4  4  2
3  0  3  3  4  0  5
4  0  3  6  4  5  5
5  0  6  6  6  5  0
6  0  0  6  7  5  0
7  7  7  7  7  9  9
8  0  0  0  0  9  0
9  0  0  0  9  9  0 

puz_i: 7
   0
0  8
1  8
2  8
3  8
4  8
fault
stock: [0, 1, 2, 3, 4, 5, 6]
   0  1  2  3  4  5
0  1  1  1  2  2  0
1  1  0  1  0  2  2
2  3  3  4  4  4  2
3  0  3  3  4  0  5
4  0  3  6  4  5  5
5  0  6  6  6  5  0
6  0  0  6  7  5  0
7  7  7  7  7  0  0
8  0  0  0  0  0  0
9  0  0  0  0  0  0 

puz_i: 9
    0   1   2
0  10  10   0
1  10  10  10
success
stock: [0, 1, 2, 3, 4, 5, 6, 9]
    0   1   2  3  4  5
0   1   1   1  2  2  0
1   1   0   1  0  2  2
2   3   3   4  4  4  2
3   0   3   3  4  0  5
4   0   3   6  4  5  5
5   0   6   6  6  5  0
6   0   0   6  7  5  0
7   7   7   7  7  0  0
8  10  10   0  0  0  0
9  10  10  10  0  0  0 

puz_i: 7
   0
0  8
1  8
2  8
3  8
4  8
success
stock: [0, 1, 2, 3, 4, 5, 6, 9, 7]
    0   1   2  3  4  5
0   1   1   1  2  2  0
1   1   0   1  0  2  2
2   3   3   4  4  4  2
3   0   3   3  4  0  5
4   0   3   6  4  5  5
5   0   6   6  6  5  8
6   0   0   6  7  5  8
7   7   7   7  7  0  8
8  10  10   0  0  0  8
9  10  10  10  0  0  8 

puz_i: 8
   0  1  2
0  0  9  9
1  0  9  0
2  9  9  0
fault
stock: [0, 1, 2, 3, 4, 5, 6, 9]
    0   1   2  3  4  5
0   1   1   1  2  2  0
1   1   0   1  0  2  2
2   3   3   4  4  4  2
3   0   3   3  4  0  5
4   0   3   6  4  5  5
5   0   6   6  6  5  0
6   0   0   6  7  5  0
7   7   7   7  7  0  0
8  10  10   0  0  0  0
9  10  10  10  0  0  0 

puz_i: 8
   0  1  2
0  0  9  9
1  0  9  0
2  9  9  0
success
stock: [0, 1, 2, 3, 4, 5, 6, 9, 8]
    0   1   2  3  4  5
0   1   1   1  2  2  0
1   1   0   1  0  2  2
2   3   3   4  4  4  2
3   0   3   3  4  0  5
4   0   3   6  4  5  5
5   0   6   6  6  5  0
6   0   0   6  7  5  0
7   7   7   7  7  9  9
8  10  10   0  0  9  0
9  10  10  10  9  9  0 

puz_i: 7
   0
0  8
1  8
2  8
3  8
4  8
fault
stock: [0, 1, 2, 3, 4, 5, 6, 9]
    0   1   2  3  4  5
0   1   1   1  2  2  0
1   1   0   1  0  2  2
2   3   3   4  4  4  2
3   0   3   3  4  0  5
4   0   3   6  4  5  5
5   0   6   6  6  5  0
6   0   0   6  7  5  0
7   7   7   7  7  0  0
8  10  10   0  0  0  0
9  10  10  10  0  0  0 

puz_i: 10
    0   1   2   3
0  11  11  11  11
1   0  11   0   0
success
stock: [0, 1, 2, 3, 4, 5, 6, 9, 10]
    0   1   2   3   4   5
0   1   1   1   2   2   0
1   1   0   1   0   2   2
2   3   3   4   4   4   2
3   0   3   3   4   0   5
4   0   3   6   4   5   5
5   0   6   6   6   5   0
6   0   0   6   7   5   0
7   7   7   7   7   0   0
8  10  10  11  11  11  11
9  10  10  10  11   0   0 

puz_i: 7
   0
0  8
1  8
2  8
3  8
4  8
fault
stock: [0, 1, 2, 3, 4, 5, 6, 9]
    0   1   2  3  4  5
0   1   1   1  2  2  0
1   1   0   1  0  2  2
2   3   3   4  4  4  2
3   0   3   3  4  0  5
4   0   3   6  4  5  5
5   0   6   6  6  5  0
6   0   0   6  7  5  0
7   7   7   7  7  0  0
8  10  10   0  0  0  0
9  10  10  10  0  0  0 

puz_i: 11
    0   1   2
0   0   0  12
1   0   0  12
2  12  12  12
success
stock: [0, 1, 2, 3, 4, 5, 6, 9, 11]
    0   1   2   3   4   5
0   1   1   1   2   2   0
1   1   0   1   0   2   2
2   3   3   4   4   4   2
3   0   3   3   4   0   5
4   0   3   6   4   5   5
5   0   6   6   6   5   0
6   0   0   6   7   5  12
7   7   7   7   7   0  12
8  10  10   0  12  12  12
9  10  10  10   0   0   0 

puz_i: 7
   0
0  8
1  8
2  8
3  8
4  8
fault
stock: [0, 1, 2, 3, 4, 5, 6, 9]
    0   1   2  3  4  5
0   1   1   1  2  2  0
1   1   0   1  0  2  2
2   3   3   4  4  4  2
3   0   3   3  4  0  5
4   0   3   6  4  5  5
5   0   6   6  6  5  0
6   0   0   6  7  5  0
7   7   7   7  7  0  0
8  10  10   0  0  0  0
9  10  10  10  0  0  0 

puz_i: 10
    0   1   2   3
0  11  11  11  11
1   0  11   0   0
success
stock: [0, 1, 2, 3, 4, 5, 6, 9, 10]
    0   1   2   3   4   5
0   1   1   1   2   2   0
1   1   0   1   0   2   2
2   3   3   4   4   4   2
3   0   3   3   4   0   5
4   0   3   6   4   5   5
5   0   6   6   6   5   0
6   0   0   6   7   5   0
7   7   7   7   7   0   0
8  10  10  11  11  11  11
9  10  10  10  11   0   0 

puz_i: 7
   0
0  8
1  8
2  8
3  8
4  8
fault
stock: [0, 1, 2, 3, 4, 5, 6, 9]
    0   1   2  3  4  5
0   1   1   1  2  2  0
1   1   0   1  0  2  2
2   3   3   4  4  4  2
3   0   3   3  4  0  5
4   0   3   6  4  5  5
5   0   6   6  6  5  0
6   0   0   6  7  5  0
7   7   7   7  7  0  0
8  10  10   0  0  0  0
9  10  10  10  0  0  0 

puz_i: 11
    0   1   2
0   0   0  12
1   0   0  12
2  12  12  12
success
stock: [0, 1, 2, 3, 4, 5, 6, 9, 11]
    0   1   2   3   4   5
0   1   1   1   2   2   0
1   1   0   1   0   2   2
2   3   3   4   4   4   2
3   0   3   3   4   0   5
4   0   3   6   4   5   5
5   0   6   6   6   5   0
6   0   0   6   7   5  12
7   7   7   7   7   0  12
8  10  10   0  12  12  12
9  10  10  10   0   0   0 

puz_i: 7
   0
0  8
1  8
2  8
3  8
4  8
fault
stock: [0, 1, 2, 3, 4, 5, 6, 9]
    0   1   2  3  4  5
0   1   1   1  2  2  0
1   1   0   1  0  2  2
2   3   3   4  4  4  2
3   0   3   3  4  0  5
4   0   3   6  4  5  5
5   0   6   6  6  5  0
6   0   0   6  7  5  0
7   7   7   7  7  0  0
8  10  10   0  0  0  0
9  10  10  10  0  0  0 

puz_i: 7
   0
0  8
1  8
2  8
3  8
4  8
success
stock: [0, 1, 2, 3, 4, 5, 6, 9, 7]
    0   1   2  3  4  5
0   1   1   1  2  2  0
1   1   0   1  0  2  2
2   3   3   4  4  4  2
3   0   3   3  4  0  5
4   0   3   6  4  5  5
5   0   6   6  6  5  8
6   0   0   6  7  5  8
7   7   7   7  7  0  8
8  10  10   0  0  0  8
9  10  10  10  0  0  8 

puz_i: 8
   0  1  2
0  0  9  9
1  0  9  0
2  9  9  0
fault
stock: [0, 1, 2, 3, 4, 5, 6, 9]
    0   1   2  3  4  5
0   1   1   1  2  2  0
1   1   0   1  0  2  2
2   3   3   4  4  4  2
3   0   3   3  4  0  5
4   0   3   6  4  5  5
5   0   6   6  6  5  0
6   0   0   6  7  5  0
7   7   7   7  7  0  0
8  10  10   0  0  0  0
9  10  10  10  0  0  0 

puz_i: 8
   0  1  2
0  0  9  9
1  0  9  0
2  9  9  0
success
stock: [0, 1, 2, 3, 4, 5, 6, 9, 8]
    0   1   2  3  4  5
0   1   1   1  2  2  0
1   1   0   1  0  2  2
2   3   3   4  4  4  2
3   0   3   3  4  0  5
4   0   3   6  4  5  5
5   0   6   6  6  5  0
6   0   0   6  7  5  0
7   7   7   7  7  9  9
8  10  10   0  0  9  0
9  10  10  10  9  9  0 

puz_i: 7
   0
0  8
1  8
2  8
3  8
4  8
fault
stock: [0, 1, 2, 3, 4, 5, 6, 9]
    0   1   2  3  4  5
0   1   1   1  2  2  0
1   1   0   1  0  2  2
2   3   3   4  4  4  2
3   0   3   3  4  0  5
4   0   3   6  4  5  5
5   0   6   6  6  5  0
6   0   0   6  7  5  0
7   7   7   7  7  0  0
8  10  10   0  0  0  0
9  10  10  10  0  0  0 

puz_i: 10
    0   1   2   3
0  11  11  11  11
1   0  11   0   0
success
stock: [0, 1, 2, 3, 4, 5, 6, 9, 10]
    0   1   2   3   4   5
0   1   1   1   2   2   0
1   1   0   1   0   2   2
2   3   3   4   4   4   2
3   0   3   3   4   0   5
4   0   3   6   4   5   5
5   0   6   6   6   5   0
6   0   0   6   7   5   0
7   7   7   7   7   0   0
8  10  10  11  11  11  11
9  10  10  10  11   0   0 

puz_i: 7
   0
0  8
1  8
2  8
3  8
4  8
fault
stock: [0, 1, 2, 3, 4, 5, 6, 9]
    0   1   2  3  4  5
0   1   1   1  2  2  0
1   1   0   1  0  2  2
2   3   3   4  4  4  2
3   0   3   3  4  0  5
4   0   3   6  4  5  5
5   0   6   6  6  5  0
6   0   0   6  7  5  0
7   7   7   7  7  0  0
8  10  10   0  0  0  0
9  10  10  10  0  0  0 

puz_i: 11
    0   1   2
0   0   0  12
1   0   0  12
2  12  12  12
success
stock: [0, 1, 2, 3, 4, 5, 6, 9, 11]
    0   1   2   3   4   5
0   1   1   1   2   2   0
1   1   0   1   0   2   2
2   3   3   4   4   4   2
3   0   3   3   4   0   5
4   0   3   6   4   5   5
5   0   6   6   6   5   0
6   0   0   6   7   5  12
7   7   7   7   7   0  12
8  10  10   0  12  12  12
9  10  10  10   0   0   0 

puz_i: 7
   0
0  8
1  8
2  8
3  8
4  8
fault
stock: [0, 1, 2, 3, 4, 5, 6, 9]
    0   1   2  3  4  5
0   1   1   1  2  2  0
1   1   0   1  0  2  2
2   3   3   4  4  4  2
3   0   3   3  4  0  5
4   0   3   6  4  5  5
5   0   6   6  6  5  0
6   0   0   6  7  5  0
7   7   7   7  7  0  0
8  10  10   0  0  0  0
9  10  10  10  0  0  0 

puz_i: 7
   0
0  8
1  8
2  8
3  8
4  8
success
stock: [0, 1, 2, 3, 4, 5, 6, 9, 7]
    0   1   2  3  4  5
0   1   1   1  2  2  0
1   1   0   1  0  2  2
2   3   3   4  4  4  2
3   0   3   3  4  0  5
4   0   3   6  4  5  5
5   0   6   6  6  5  8
6   0   0   6  7  5  8
7   7   7   7  7  0  8
8  10  10   0  0  0  8
9  10  10  10  0  0  8 

puz_i: 8
   0  1  2
0  0  9  9
1  0  9  0
2  9  9  0
fault
stock: [0, 1, 2, 3, 4, 5, 6, 9]
    0   1   2  3  4  5
0   1   1   1  2  2  0
1   1   0   1  0  2  2
2   3   3   4  4  4  2
3   0   3   3  4  0  5
4   0   3   6  4  5  5
5   0   6   6  6  5  0
6   0   0   6  7  5  0
7   7   7   7  7  0  0
8  10  10   0  0  0  0
9  10  10  10  0  0  0 

puz_i: 8
   0  1  2
0  0  9  9
1  0  9  0
2  9  9  0
success
stock: [0, 1, 2, 3, 4, 5, 6, 9, 8]
    0   1   2  3  4  5
0   1   1   1  2  2  0
1   1   0   1  0  2  2
2   3   3   4  4  4  2
3   0   3   3  4  0  5
4   0   3   6  4  5  5
5   0   6   6  6  5  0
6   0   0   6  7  5  0
7   7   7   7  7  9  9
8  10  10   0  0  9  0
9  10  10  10  9  9  0 

puz_i: 7
   0
0  8
1  8
2  8
3  8
4  8
fault
stock: [0, 1, 2, 3, 4, 5, 6, 9]
    0   1   2  3  4  5
0   1   1   1  2  2  0
1   1   0   1  0  2  2
2   3   3   4  4  4  2
3   0   3   3  4  0  5
4   0   3   6  4  5  5
5   0   6   6  6  5  0
6   0   0   6  7  5  0
7   7   7   7  7  0  0
8  10  10   0  0  0  0
9  10  10  10  0  0  0 

puz_i: 10
    0   1   2   3
0  11  11  11  11
1   0  11   0   0
success
stock: [0, 1, 2, 3, 4, 5, 6, 9, 10]
    0   1   2   3   4   5
0   1   1   1   2   2   0
1   1   0   1   0   2   2
2   3   3   4   4   4   2
3   0   3   3   4   0   5
4   0   3   6   4   5   5
5   0   6   6   6   5   0
6   0   0   6   7   5   0
7   7   7   7   7   0   0
8  10  10  11  11  11  11
9  10  10  10  11   0   0 

puz_i: 7
   0
0  8
1  8
2  8
3  8
4  8
fault
stock: [0, 1, 2, 3, 4, 5, 6, 9]
    0   1   2  3  4  5
0   1   1   1  2  2  0
1   1   0   1  0  2  2
2   3   3   4  4  4  2
3   0   3   3  4  0  5
4   0   3   6  4  5  5
5   0   6   6  6  5  0
6   0   0   6  7  5  0
7   7   7   7  7  0  0
8  10  10   0  0  0  0
9  10  10  10  0  0  0 

puz_i: 11
    0   1   2
0   0   0  12
1   0   0  12
2  12  12  12
success
stock: [0, 1, 2, 3, 4, 5, 6, 9, 11]
    0   1   2   3   4   5
0   1   1   1   2   2   0
1   1   0   1   0   2   2
2   3   3   4   4   4   2
3   0   3   3   4   0   5
4   0   3   6   4   5   5
5   0   6   6   6   5   0
6   0   0   6   7   5  12
7   7   7   7   7   0  12
8  10  10   0  12  12  12
9  10  10  10   0   0   0 

puz_i: 7
   0
0  8
1  8
2  8
3  8
4  8
fault
stock: [0, 1, 2, 3, 4, 5, 6, 9]
    0   1   2  3  4  5
0   1   1   1  2  2  0
1   1   0   1  0  2  2
2   3   3   4  4  4  2
3   0   3   3  4  0  5
4   0   3   6  4  5  5
5   0   6   6  6  5  0
6   0   0   6  7  5  0
7   7   7   7  7  0  0
8  10  10   0  0  0  0
9  10  10  10  0  0  0 

puz_i: 7
   0
0  8
1  8
2  8
3  8
4  8
success
stock: [0, 1, 2, 3, 4, 5, 6, 9, 7]
    0   1   2  3  4  5
0   1   1   1  2  2  0
1   1   0   1  0  2  2
2   3   3   4  4  4  2
3   0   3   3  4  0  5
4   0   3   6  4  5  5
5   0   6   6  6  5  8
6   0   0   6  7  5  8
7   7   7   7  7  0  8
8  10  10   0  0  0  8
9  10  10  10  0  0  8 

puz_i: 8
   0  1  2
0  0  9  9
1  0  9  0
2  9  9  0
fault
stock: [0, 1, 2, 3, 4, 5, 6, 9]
    0   1   2  3  4  5
0   1   1   1  2  2  0
1   1   0   1  0  2  2
2   3   3   4  4  4  2
3   0   3   3  4  0  5
4   0   3   6  4  5  5
5   0   6   6  6  5  0
6   0   0   6  7  5  0
7   7   7   7  7  0  0
8  10  10   0  0  0  0
9  10  10  10  0  0  0 

puz_i: 8
   0  1  2
0  0  9  9
1  0  9  0
2  9  9  0
success
stock: [0, 1, 2, 3, 4, 5, 6, 9, 8]
    0   1   2  3  4  5
0   1   1   1  2  2  0
1   1   0   1  0  2  2
2   3   3   4  4  4  2
3   0   3   3  4  0  5
4   0   3   6  4  5  5
5   0   6   6  6  5  0
6   0   0   6  7  5  0
7   7   7   7  7  9  9
8  10  10   0  0  9  0
9  10  10  10  9  9  0 

puz_i: 7
   0
0  8
1  8
2  8
3  8
4  8
fault
stock: [0, 1, 2, 3, 4, 5, 6, 9]
    0   1   2  3  4  5
0   1   1   1  2  2  0
1   1   0   1  0  2  2
2   3   3   4  4  4  2
3   0   3   3  4  0  5
4   0   3   6  4  5  5
5   0   6   6  6  5  0
6   0   0   6  7  5  0
7   7   7   7  7  0  0
8  10  10   0  0  0  0
9  10  10  10  0  0  0 

puz_i: 10
    0   1   2   3
0  11  11  11  11
1   0  11   0   0
success
stock: [0, 1, 2, 3, 4, 5, 6, 9, 10]
    0   1   2   3   4   5
0   1   1   1   2   2   0
1   1   0   1   0   2   2
2   3   3   4   4   4   2
3   0   3   3   4   0   5
4   0   3   6   4   5   5
5   0   6   6   6   5   0
6   0   0   6   7   5   0
7   7   7   7   7   0   0
8  10  10  11  11  11  11
9  10  10  10  11   0   0 

puz_i: 7
   0
0  8
1  8
2  8
3  8
4  8
fault
stock: [0, 1, 2, 3, 4, 5, 6, 9]
    0   1   2  3  4  5
0   1   1   1  2  2  0
1   1   0   1  0  2  2
2   3   3   4  4  4  2
3   0   3   3  4  0  5
4   0   3   6  4  5  5
5   0   6   6  6  5  0
6   0   0   6  7  5  0
7   7   7   7  7  0  0
8  10  10   0  0  0  0
9  10  10  10  0  0  0 

puz_i: 11
    0   1   2
0   0   0  12
1   0   0  12
2  12  12  12
success
stock: [0, 1, 2, 3, 4, 5, 6, 9, 11]
    0   1   2   3   4   5
0   1   1   1   2   2   0
1   1   0   1   0   2   2
2   3   3   4   4   4   2
3   0   3   3   4   0   5
4   0   3   6   4   5   5
5   0   6   6   6   5   0
6   0   0   6   7   5  12
7   7   7   7   7   0  12
8  10  10   0  12  12  12
9  10  10  10   0   0   0 

puz_i: 7
   0
0  8
1  8
2  8
3  8
4  8
fault
stock: [0, 1, 2, 3, 4, 5, 6, 9]
    0   1   2  3  4  5
0   1   1   1  2  2  0
1   1   0   1  0  2  2
2   3   3   4  4  4  2
3   0   3   3  4  0  5
4   0   3   6  4  5  5
5   0   6   6  6  5  0
6   0   0   6  7  5  0
7   7   7   7  7  0  0
8  10  10   0  0  0  0
9  10  10  10  0  0  0 

puz_i: 7
   0
0  8
1  8
2  8
3  8
4  8
success
stock: [0, 1, 2, 3, 4, 5, 6, 9, 7]
    0   1   2  3  4  5
0   1   1   1  2  2  0
1   1   0   1  0  2  2
2   3   3   4  4  4  2
3   0   3   3  4  0  5
4   0   3   6  4  5  5
5   0   6   6  6  5  8
6   0   0   6  7  5  8
7   7   7   7  7  0  8
8  10  10   0  0  0  8
9  10  10  10  0  0  8 

puz_i: 8
   0  1  2
0  0  9  9
1  0  9  0
2  9  9  0
fault
stock: [0, 1, 2, 3, 4, 5, 6, 9]
    0   1   2  3  4  5
0   1   1   1  2  2  0
1   1   0   1  0  2  2
2   3   3   4  4  4  2
3   0   3   3  4  0  5
4   0   3   6  4  5  5
5   0   6   6  6  5  0
6   0   0   6  7  5  0
7   7   7   7  7  0  0
8  10  10   0  0  0  0
9  10  10  10  0  0  0 

puz_i: 8
   0  1  2
0  0  9  9
1  0  9  0
2  9  9  0
success
stock: [0, 1, 2, 3, 4, 5, 6, 9, 8]
    0   1   2  3  4  5
0   1   1   1  2  2  0
1   1   0   1  0  2  2
2   3   3   4  4  4  2
3   0   3   3  4  0  5
4   0   3   6  4  5  5
5   0   6   6  6  5  0
6   0   0   6  7  5  0
7   7   7   7  7  9  9
8  10  10   0  0  9  0
9  10  10  10  9  9  0 

puz_i: 7
   0
0  8
1  8
2  8
3  8
4  8
fault
stock: [0, 1, 2, 3, 4, 5, 6, 9]
    0   1   2  3  4  5
0   1   1   1  2  2  0
1   1   0   1  0  2  2
2   3   3   4  4  4  2
3   0   3   3  4  0  5
4   0   3   6  4  5  5
5   0   6   6  6  5  0
6   0   0   6  7  5  0
7   7   7   7  7  0  0
8  10  10   0  0  0  0
9  10  10  10  0  0  0 

puz_i: 10
    0   1   2   3
0  11  11  11  11
1   0  11   0   0
success
stock: [0, 1, 2, 3, 4, 5, 6, 9, 10]
    0   1   2   3   4   5
0   1   1   1   2   2   0
1   1   0   1   0   2   2
2   3   3   4   4   4   2
3   0   3   3   4   0   5
4   0   3   6   4   5   5
5   0   6   6   6   5   0
6   0   0   6   7   5   0
7   7   7   7   7   0   0
8  10  10  11  11  11  11
9  10  10  10  11   0   0 

puz_i: 7
   0
0  8
1  8
2  8
3  8
4  8
fault
stock: [0, 1, 2, 3, 4, 5, 6, 9]
    0   1   2  3  4  5
0   1   1   1  2  2  0
1   1   0   1  0  2  2
2   3   3   4  4  4  2
3   0   3   3  4  0  5
4   0   3   6  4  5  5
5   0   6   6  6  5  0
6   0   0   6  7  5  0
7   7   7   7  7  0  0
8  10  10   0  0  0  0
9  10  10  10  0  0  0 

puz_i: 11
    0   1   2
0   0   0  12
1   0   0  12
2  12  12  12
success
stock: [0, 1, 2, 3, 4, 5, 6, 9, 11]
    0   1   2   3   4   5
0   1   1   1   2   2   0
1   1   0   1   0   2   2
2   3   3   4   4   4   2
3   0   3   3   4   0   5
4   0   3   6   4   5   5
5   0   6   6   6   5   0
6   0   0   6   7   5  12
7   7   7   7   7   0  12
8  10  10   0  12  12  12
9  10  10  10   0   0   0 

puz_i: 7
   0
0  8
1  8
2  8
3  8
4  8
fault
stock: [0, 1, 2, 3, 4, 5, 6, 9]
    0   1   2  3  4  5
0   1   1   1  2  2  0
1   1   0   1  0  2  2
2   3   3   4  4  4  2
3   0   3   3  4  0  5
4   0   3   6  4  5  5
5   0   6   6  6  5  0
6   0   0   6  7  5  0
7   7   7   7  7  0  0
8  10  10   0  0  0  0
9  10  10  10  0  0  0 

puz_i: 7
   0
0  8
1  8
2  8
3  8
4  8
success
stock: [0, 1, 2, 3, 4, 5, 6, 9, 7]
    0   1   2  3  4  5
0   1   1   1  2  2  0
1   1   0   1  0  2  2
2   3   3   4  4  4  2
3   0   3   3  4  0  5
4   0   3   6  4  5  5
5   0   6   6  6  5  8
6   0   0   6  7  5  8
7   7   7   7  7  0  8
8  10  10   0  0  0  8
9  10  10  10  0  0  8 

puz_i: 8
   0  1  2
0  0  9  9
1  0  9  0
2  9  9  0
fault
stock: [0, 1, 2, 3, 4, 5, 6, 9]
    0   1   2  3  4  5
0   1   1   1  2  2  0
1   1   0   1  0  2  2
2   3   3   4  4  4  2
3   0   3   3  4  0  5
4   0   3   6  4  5  5
5   0   6   6  6  5  0
6   0   0   6  7  5  0
7   7   7   7  7  0  0
8  10  10   0  0  0  0
9  10  10  10  0  0  0 

puz_i: 8
   0  1  2
0  0  9  9
1  0  9  0
2  9  9  0
success
stock: [0, 1, 2, 3, 4, 5, 6, 9, 8]
    0   1   2  3  4  5
0   1   1   1  2  2  0
1   1   0   1  0  2  2
2   3   3   4  4  4  2
3   0   3   3  4  0  5
4   0   3   6  4  5  5
5   0   6   6  6  5  0
6   0   0   6  7  5  0
7   7   7   7  7  9  9
8  10  10   0  0  9  0
9  10  10  10  9  9  0 

puz_i: 7
   0
0  8
1  8
2  8
3  8
4  8
fault
stock: [0, 1, 2, 3, 4, 5, 6, 9]
    0   1   2  3  4  5
0   1   1   1  2  2  0
1   1   0   1  0  2  2
2   3   3   4  4  4  2
3   0   3   3  4  0  5
4   0   3   6  4  5  5
5   0   6   6  6  5  0
6   0   0   6  7  5  0
7   7   7   7  7  0  0
8  10  10   0  0  0  0
9  10  10  10  0  0  0 

puz_i: 10
    0   1   2   3
0  11  11  11  11
1   0  11   0   0
success
stock: [0, 1, 2, 3, 4, 5, 6, 9, 10]
    0   1   2   3   4   5
0   1   1   1   2   2   0
1   1   0   1   0   2   2
2   3   3   4   4   4   2
3   0   3   3   4   0   5
4   0   3   6   4   5   5
5   0   6   6   6   5   0
6   0   0   6   7   5   0
7   7   7   7   7   0   0
8  10  10  11  11  11  11
9  10  10  10  11   0   0 

puz_i: 7
   0
0  8
1  8
2  8
3  8
4  8
fault
stock: [0, 1, 2, 3, 4, 5, 6, 9]
    0   1   2  3  4  5
0   1   1   1  2  2  0
1   1   0   1  0  2  2
2   3   3   4  4  4  2
3   0   3   3  4  0  5
4   0   3   6  4  5  5
5   0   6   6  6  5  0
6   0   0   6  7  5  0
7   7   7   7  7  0  0
8  10  10   0  0  0  0
9  10  10  10  0  0  0 

puz_i: 11
    0   1   2
0   0   0  12
1   0   0  12
2  12  12  12
success
stock: [0, 1, 2, 3, 4, 5, 6, 9, 11]
    0   1   2   3   4   5
0   1   1   1   2   2   0
1   1   0   1   0   2   2
2   3   3   4   4   4   2
3   0   3   3   4   0   5
4   0   3   6   4   5   5
5   0   6   6   6   5   0
6   0   0   6   7   5  12
7   7   7   7   7   0  12
8  10  10   0  12  12  12
9  10  10  10   0   0   0 

puz_i: 7
   0
0  8
1  8
2  8
3  8
4  8
fault
stock: [0, 1, 2, 3, 4, 5, 6, 9]
    0   1   2  3  4  5
0   1   1   1  2  2  0
1   1   0   1  0  2  2
2   3   3   4  4  4  2
3   0   3   3  4  0  5
4   0   3   6  4  5  5
5   0   6   6  6  5  0
6   0   0   6  7  5  0
7   7   7   7  7  0  0
8  10  10   0  0  0  0
9  10  10  10  0  0  0 

puz_i: 7
   0
0  8
1  8
2  8
3  8
4  8
success
stock: [0, 1, 2, 3, 4, 5, 6, 9, 7]
    0   1   2  3  4  5
0   1   1   1  2  2  0
1   1   0   1  0  2  2
2   3   3   4  4  4  2
3   0   3   3  4  0  5
4   0   3   6  4  5  5
5   0   6   6  6  5  8
6   0   0   6  7  5  8
7   7   7   7  7  0  8
8  10  10   0  0  0  8
9  10  10  10  0  0  8 

puz_i: 8
   0  1  2
0  0  9  9
1  0  9  0
2  9  9  0
fault
stock: [0, 1, 2, 3, 4, 5, 6, 9]
    0   1   2  3  4  5
0   1   1   1  2  2  0
1   1   0   1  0  2  2
2   3   3   4  4  4  2
3   0   3   3  4  0  5
4   0   3   6  4  5  5
5   0   6   6  6  5  0
6   0   0   6  7  5  0
7   7   7   7  7  0  0
8  10  10   0  0  0  0
9  10  10  10  0  0  0 

puz_i: 8
   0  1  2
0  0  9  9
1  0  9  0
2  9  9  0
success
stock: [0, 1, 2, 3, 4, 5, 6, 9, 8]
    0   1   2  3  4  5
0   1   1   1  2  2  0
1   1   0   1  0  2  2
2   3   3   4  4  4  2
3   0   3   3  4  0  5
4   0   3   6  4  5  5
5   0   6   6  6  5  0
6   0   0   6  7  5  0
7   7   7   7  7  9  9
8  10  10   0  0  9  0
9  10  10  10  9  9  0 

puz_i: 7
   0
0  8
1  8
2  8
3  8
4  8
fault
stock: [0, 1, 2, 3, 4, 5, 6, 9]
    0   1   2  3  4  5
0   1   1   1  2  2  0
1   1   0   1  0  2  2
2   3   3   4  4  4  2
3   0   3   3  4  0  5
4   0   3   6  4  5  5
5   0   6   6  6  5  0
6   0   0   6  7  5  0
7   7   7   7  7  0  0
8  10  10   0  0  0  0
9  10  10  10  0  0  0 

puz_i: 10
    0   1   2   3
0  11  11  11  11
1   0  11   0   0
success
stock: [0, 1, 2, 3, 4, 5, 6, 9, 10]
    0   1   2   3   4   5
0   1   1   1   2   2   0
1   1   0   1   0   2   2
2   3   3   4   4   4   2
3   0   3   3   4   0   5
4   0   3   6   4   5   5
5   0   6   6   6   5   0
6   0   0   6   7   5   0
7   7   7   7   7   0   0
8  10  10  11  11  11  11
9  10  10  10  11   0   0 

puz_i: 7
   0
0  8
1  8
2  8
3  8
4  8
fault
stock: [0, 1, 2, 3, 4, 5, 6, 9]
    0   1   2  3  4  5
0   1   1   1  2  2  0
1   1   0   1  0  2  2
2   3   3   4  4  4  2
3   0   3   3  4  0  5
4   0   3   6  4  5  5
5   0   6   6  6  5  0
6   0   0   6  7  5  0
7   7   7   7  7  0  0
8  10  10   0  0  0  0
9  10  10  10  0  0  0 

puz_i: 11
    0   1   2
0   0   0  12
1   0   0  12
2  12  12  12
success
stock: [0, 1, 2, 3, 4, 5, 6, 9, 11]
    0   1   2   3   4   5
0   1   1   1   2   2   0
1   1   0   1   0   2   2
2   3   3   4   4   4   2
3   0   3   3   4   0   5
4   0   3   6   4   5   5
5   0   6   6   6   5   0
6   0   0   6   7   5  12
7   7   7   7   7   0  12
8  10  10   0  12  12  12
9  10  10  10   0   0   0 

puz_i: 7
   0
0  8
1  8
2  8
3  8
4  8
fault
stock: [0, 1, 2, 3, 4, 5, 6, 9]
    0   1   2  3  4  5
0   1   1   1  2  2  0
1   1   0   1  0  2  2
2   3   3   4  4  4  2
3   0   3   3  4  0  5
4   0   3   6  4  5  5
5   0   6   6  6  5  0
6   0   0   6  7  5  0
7   7   7   7  7  0  0
8  10  10   0  0  0  0
9  10  10  10  0  0  0 

puz_i: 7
   0
0  8
1  8
2  8
3  8
4  8
success
stock: [0, 1, 2, 3, 4, 5, 6, 9, 7]
    0   1   2  3  4  5
0   1   1   1  2  2  0
1   1   0   1  0  2  2
2   3   3   4  4  4  2
3   0   3   3  4  0  5
4   0   3   6  4  5  5
5   0   6   6  6  5  8
6   0   0   6  7  5  8
7   7   7   7  7  0  8
8  10  10   0  0  0  8
9  10  10  10  0  0  8 

puz_i: 8
   0  1  2
0  0  9  9
1  0  9  0
2  9  9  0
fault
stock: [0, 1, 2, 3, 4, 5, 6, 9]
    0   1   2  3  4  5
0   1   1   1  2  2  0
1   1   0   1  0  2  2
2   3   3   4  4  4  2
3   0   3   3  4  0  5
4   0   3   6  4  5  5
5   0   6   6  6  5  0
6   0   0   6  7  5  0
7   7   7   7  7  0  0
8  10  10   0  0  0  0
9  10  10  10  0  0  0 

puz_i: 8
   0  1  2
0  0  9  9
1  0  9  0
2  9  9  0
success
stock: [0, 1, 2, 3, 4, 5, 6, 9, 8]
    0   1   2  3  4  5
0   1   1   1  2  2  0
1   1   0   1  0  2  2
2   3   3   4  4  4  2
3   0   3   3  4  0  5
4   0   3   6  4  5  5
5   0   6   6  6  5  0
6   0   0   6  7  5  0
7   7   7   7  7  9  9
8  10  10   0  0  9  0
9  10  10  10  9  9  0 

puz_i: 7
   0
0  8
1  8
2  8
3  8
4  8
fault
stock: [0, 1, 2, 3, 4, 5, 6, 9]
    0   1   2  3  4  5
0   1   1   1  2  2  0
1   1   0   1  0  2  2
2   3   3   4  4  4  2
3   0   3   3  4  0  5
4   0   3   6  4  5  5
5   0   6   6  6  5  0
6   0   0   6  7  5  0
7   7   7   7  7  0  0
8  10  10   0  0  0  0
9  10  10  10  0  0  0 

puz_i: 10
    0   1   2   3
0  11  11  11  11
1   0  11   0   0
success
stock: [0, 1, 2, 3, 4, 5, 6, 9, 10]
    0   1   2   3   4   5
0   1   1   1   2   2   0
1   1   0   1   0   2   2
2   3   3   4   4   4   2
3   0   3   3   4   0   5
4   0   3   6   4   5   5
5   0   6   6   6   5   0
6   0   0   6   7   5   0
7   7   7   7   7   0   0
8  10  10  11  11  11  11
9  10  10  10  11   0   0 

puz_i: 7
   0
0  8
1  8
2  8
3  8
4  8
fault
stock: [0, 1, 2, 3, 4, 5, 6, 9]
    0   1   2  3  4  5
0   1   1   1  2  2  0
1   1   0   1  0  2  2
2   3   3   4  4  4  2
3   0   3   3  4  0  5
4   0   3   6  4  5  5
5   0   6   6  6  5  0
6   0   0   6  7  5  0
7   7   7   7  7  0  0
8  10  10   0  0  0  0
9  10  10  10  0  0  0 

puz_i: 11
    0   1   2
0   0   0  12
1   0   0  12
2  12  12  12
success
stock: [0, 1, 2, 3, 4, 5, 6, 9, 11]
    0   1   2   3   4   5
0   1   1   1   2   2   0
1   1   0   1   0   2   2
2   3   3   4   4   4   2
3   0   3   3   4   0   5
4   0   3   6   4   5   5
5   0   6   6   6   5   0
6   0   0   6   7   5  12
7   7   7   7   7   0  12
8  10  10   0  12  12  12
9  10  10  10   0   0   0 

puz_i: 7
   0
0  8
1  8
2  8
3  8
4  8
fault
stock: [0, 1, 2, 3, 4, 5, 6, 9]
    0   1   2  3  4  5
0   1   1   1  2  2  0
1   1   0   1  0  2  2
2   3   3   4  4  4  2
3   0   3   3  4  0  5
4   0   3   6  4  5  5
5   0   6   6  6  5  0
6   0   0   6  7  5  0
7   7   7   7  7  0  0
8  10  10   0  0  0  0
9  10  10  10  0  0  0 

試行回数: 45
